01458970
05401300
05401350
05401400
05401450
05402000
05402100
05402200
05402300
05402400
05402500
05402600
05402905
05402918
05402919
05402920
05402999
05403900
05404002
05404003
05404004
05404005
05404012
05404013
05404014
05404015
05404030
05405000
05405050
05405100
05405150
05405200
05405250
05406000
05406040
05406050
05406060
05406070
05406100
05406150
05406200
05406900
05407000
05407001
05407002
05407003
05407004
05407040
05407050
05407901
05408000
05408001
05408002
05408003
05408040
05409000
05409001
05409002
05409003
05409009
05409010
05409011
05409012
05409020
05409030
05409040
05409050
05409060
05409120
05409130
05409140
05409930
05410000
05410001
05410002
05410010
05410020
05410030
05410040
05410050
05412000
05412001
05412002
05412003
05412004
05412007
05412009
05412010
05412020
05412030
05412040
05412911
05412970
05412972
05413010
05413011
05413020
05413021
05413060
05414000
05414010
05414011
05414012
05414020
05414025
05414030
05414100
05414110
05414901
05415000
05415001
05415010
05415011
05415012
05415020
05415029
05415030
05415040
05415050
05415060
05415070
05415080
05415090
05415100
05416000
05416001
05416002
05416010
05416011
05416012
05416020
05416030
05416914
05416970
05417000
05417001
05417002
05417010
05417011
05417012
05417020
05417030
05417050
05417060
05417070
05417080
05417090
05417120
05417130
05418000
05418001
05418010
05418020
05418030
05418040
05418050
05418060
05418070
05419000
05419001
05419009
05419010
05419020
05419902
05419905
05420000
05420001
05420002
05420003
05420010
05420020
05420903
05420910
05421000
05421001
05421009
05421010
05421020
05421030
05421040
05421050
05421060
05421065
05421070
05421080
05421090
05422000
05422001
05422002
05422010
05422011
05422012
05422020
05422030
05422040
05422050
05422060
05422070
05422080
05422090
05422100
05422110
05422120
05422902
05422970
05422999
05423000
05423010
05423020
05423030
05423040
05423050
05423060
05423070
05423080
05423090
05423100
05423110
05423120
05423125
05423130
05423140
05423150
05423160
05423170
05423180
05423901
05423903
05423904
05423911
05423912
05424000
05424010
05424020
05424030
05424040
05424050
05424060
05424070
05424080
05424090
05424100
05424110
05424120
05424140
05424150
05424160
05424903
05424904
05424905
05424970
05424999
05425000
05425001
05425010
05425011
05425020
05425030
05425040
05425050
05425060
05425070
05425900
05425901
05425902
05425903
05425904
05425905
05426010
05426020
05426030
05426040
05426050
05426060
05426070
05426100
05426200
05427000
05427001
05427010
05427011
05427020
05427030
05427040
05427050
05427060
05427070
05427080
05427090
05427100
05428000
05428001
05428002
05428010
05428020
05428030
05428040
05428050
05428060
05428070
05428075
05428900
05429000
05429010
05429020
05429030
05429040
05429050
05429060
05429070
05429080
05429090
05429100
05429110
05429120
05429130
05429900
05429901
05432000
05432010
05432011
05432020
05432030
05432040
05432050
05432070